year	Drug	N	White	Wpercent	Black	Bpercent	Hispanic	Hpercent	Other	Opercent
1996	Powder Cocaine	4,468	925	0.207	1,341	0.3	2,139	0.479	63	0.014
1996	Crack Cocaine	4,603	222	0.048	3,951	0.858	399	0.087	31	0.007
1996	Heroin	1,765	175	0.099	414	0.235	1,093	0.619	83	0.047
1996	Marijuana	4,249	1,681	0.396	255	0.06	2,266	0.533	47	0.011
1996	Methamphetamine	1,623	1,063	0.655	18	0.011	440	0.271	102	0.063
1996	LSD	93	90	0.968	1	0.011	2	0.022	0	0
1996	Other	361	247	0.684	66	0.183	34	0.094	14	0.039
1996	Total	17,162	4,403	0.257	6,046	0.352	6,373	0.371	340	0.02
1997	Powder Cocaine	4,758	965	0.203	1,445	0.304	2,277	0.479	71	0.015
1997	Crack Cocaine	4,624	298	0.064	3,901	0.844	398	0.086	27	0.006
1997	Heroin	1,810	190	0.105	397	0.219	1,145	0.633	78	0.043
1997	Marijuana	5,147	1,764	0.343	321	0.062	2,986	0.58	76	0.015
1997	Methamphetamine	1,933	1,286	0.665	26	0.013	518	0.268	103	0.053
1997	Other	527	327	0.62	102	0.194	88	0.167	10	0.019
1997	Total	18,799	4,830	0.257	6,192	0.329	7,412	0.394	365	0.019
1998	Powder Cocaine	4,781	912	0.191	1,497	0.313	2,317	0.485	55	0.012
1998	Crack Cocaine	4,890	280	0.057	4,149	0.848	425	0.087	36	0.007
1998	Heroin	1,796	199	0.111	407	0.227	1,128	0.628	62	0.035
1998	Marijuana	6,060	1,865	0.308	475	0.078	3,622	0.598	98	0.016
1998	Methamphetamine	2,305	1,368	0.593	37	0.016	749	0.325	151	0.066
1998	Other	426	282	0.662	60	0.141	69	0.162	15	0.035
1998	Total	20,258	4,906	0.242	6,625	0.327	8,310	0.41	417	0.021
1999	Powder Cocaine	4,979	969	0.195	1,570	0.315	2,358	0.474	82	0.016
1999	Crack Cocaine	5,187	278	0.054	4,391	0.847	463	0.089	55	0.011
1999	Heroin	1,791	226	0.126	397	0.222	1,118	0.624	50	0.028
1999	Marijuana	7,076	1,972	0.279	554	0.078	4,462	0.631	88	0.012
1999	Methamphetamine	2,837	1,740	0.613	42	0.015	933	0.329	122	0.043
1999	Other	570	425	0.746	55	0.096	82	0.144	8	0.014
1999	Total	22,440	5,610	0.25	7,009	0.312	9,416	0.42	405	0.018
2000	Powder Cocaine	5,344	975	0.182	1,620	0.303	2,699	0.505	50	0.009
2000	Crack Cocaine	5,012	286	0.057	4,218	0.842	453	0.09	55	0.011
2000	Heroin	1,806	197	0.109	434	0.24	1,101	0.61	74	0.041
2000	Marijuana	7,290	1,937	0.266	636	0.087	4,615	0.633	102	0.014
2000	Methamphetamine	3,357	2,025	0.603	38	0.011	1,156	0.344	138	0.041
2000	Other	557	373	0.67	56	0.101	113	0.203	15	0.027
2000	Total	23,366	5,793	0.248	7,002	0.3	10,137	0.434	434	0.019
2001	Powder Cocaine	5,356	968	0.181	1,633	0.305	2,690	0.502	65	0.012
2001	Crack Cocaine	4,999	349	0.07	4,140	0.828	467	0.093	43	0.009
2001	Heroin	1,753	246	0.14	403	0.23	1,075	0.613	29	0.017
2001	Marijuana	7,981	2,233	0.28	732	0.092	4,893	0.613	123	0.015
2001	Methamphetamine	3,404	2,009	0.59	55	0.016	1,197	0.352	143	0.042
2001	Other	762	508	0.667	100	0.131	133	0.175	21	0.028
2001	Total	24,255	6,313	0.26	7,063	0.291	10,455	0.431	424	0.017
2002	Powder Cocaine	5,867	1,037	0.177	1,815	0.309	2,938	0.501	77	0.013
2002	Crack Cocaine	5,166	363	0.07	4,203	0.814	542	0.105	58	0.011
2002	Heroin	1,806	253	0.14	409	0.226	1,114	0.617	30	0.017
2002	Marijuana	7,387	1,904	0.258	597	0.081	4,776	0.647	110	0.015
2002	Methamphetamine	3,934	2,369	0.602	42	0.011	1,327	0.337	196	0.05
2002	Other	1,449	960	0.663	155	0.107	242	0.167	92	0.063
2002	Total	25,609	6,886	0.269	7,221	0.282	10,939	0.427	563	0.022
2003	Powder Cocaine	5,980	1,037	0.173	1,470	0.246	3,400	0.569	73	0.012
2003	Crack Cocaine	5,458	428	0.078	4,408	0.808	570	0.104	52	0.01
2003	Heroin	1,831	237	0.129	380	0.208	1,182	0.646	32	0.017
2003	Marijuana	6,781	1,748	0.258	545	0.08	4,354	0.642	134	0.02
2003	Methamphetamine	4,449	2,637	0.593	75	0.017	1,498	0.337	239	0.054
2003	Other	1,491	946	0.634	188	0.126	250	0.168	107	0.072
2003	Total	25,990	7,033	0.271	7,066	0.272	11,254	0.433	637	0.025
2004	Powder Cocaine	4,019	681	0.169	1,058	0.263	2,222	0.553	58	0.014
2004	Crack Cocaine	3,698	253	0.068	3,072	0.831	340	0.092	33	0.009
2004	Heroin	1,285	151	0.118	286	0.223	838	0.652	10	0.008
2004	Marijuana	4,762	1,293	0.272	476	0.1	2,832	0.595	161	0.034
2004	Methamphetamine	3,539	2,104	0.595	57	0.016	1,148	0.324	230	0.065
2004	Other	836	497	0.594	112	0.134	148	0.177	79	0.094
2004	Total	18,139	4,979	0.274	5,061	0.279	7,528	0.415	571	0.031
2005	Powder Cocaine	1,308	214	0.164	386	0.295	685	0.524	23	0.018
2005	Crack Cocaine	1,204	94	0.078	1,002	0.832	79	0.066	29	0.024
2005	Heroin	390	46	0.118	111	0.285	231	0.592	2	0.005
2005	Marijuana	1,758	497	0.283	205	0.117	1,003	0.571	53	0.03
2005	Methamphetamine	1,132	647	0.572	17	0.015	405	0.358	63	0.056
2005	Other	227	141	0.621	32	0.141	36	0.159	18	0.079
2005	Total	6,019	1,639	0.272	1,753	0.291	2,439	0.405	188	0.031
2006	Powder Cocaine	5,830	859	0.147	1,576	0.27	3,325	0.57	70	0.012
2006	Crack Cocaine	5,619	523	0.093	4,552	0.81	484	0.086	60	0.011
2006	Heroin	1,574	175	0.111	432	0.274	953	0.605	14	0.009
2006	Marijuana	6,399	1,711	0.267	692	0.108	3,794	0.593	202	0.032
2006	Methamphetamine	5,391	2,888	0.536	89	0.017	2,079	0.386	335	0.062
2006	Other	950	491	0.517	189	0.199	120	0.126	150	0.158
2006	Total	25,763	6,647	0.258	7,530	0.292	10,755	0.417	831	0.032
2007	Powder Cocaine	6,273	993	0.158	1,710	0.273	3,488	0.556	82	0.013
2007	Crack Cocaine	5,472	479	0.088	4,528	0.827	433	0.079	32	0.006
2007	Heroin	1,379	154	0.112	350	0.254	864	0.627	11	0.008
2007	Marijuana	6,291	1,468	0.233	624	0.099	3,947	0.627	252	0.04
2007	Methamphetamine	5,102	2,625	0.515	130	0.025	2,044	0.401	303	0.059
2007	Other	940	470	0.5	163	0.173	98	0.104	209	0.222
2007	Total	25,457	6,189	0.243	7,505	0.295	10,874	0.427	889	0.035
2008	Powder Cocaine	5,871	973	0.166	1,771	0.302	3,068	0.523	59	0.01
2008	Crack Cocaine	6,154	637	0.104	4,911	0.798	542	0.088	64	0.01
2008	Heroin	1,472	236	0.16	363	0.247	851	0.578	22	0.015
2008	Marijuana	6,329	1,731	0.274	483	0.076	3,889	0.614	226	0.036
2008	Methamphetamine	4,332	2,271	0.524	126	0.029	1,704	0.393	231	0.053
2008	Other	1,115	547	0.491	275	0.247	109	0.098	184	0.165
2008	Total	25,273	6,395	0.253	7,929	0.314	10,163	0.402	786	0.031
2009	Powder Cocaine	6,020	1,031	0.171	1,684	0.28	3,202	0.532	103	0.017
2009	Crack Cocaine	5,669	558	0.098	4,476	0.79	584	0.103	51	0.009
2009	Heroin	1,619	281	0.174	450	0.278	875	0.54	13	0.008
2009	Marijuana	6,151	1,784	0.29	579	0.094	3,520	0.572	268	0.044
2009	Methamphetamine	4,118	2,158	0.524	118	0.029	1,577	0.383	265	0.064
2009	Other	1,275	680	0.533	304	0.238	119	0.093	172	0.135
2009	Total	24,852	6,492	0.261	7,611	0.306	9,877	0.397	872	0.035
2010	Powder Cocaine	5,708	959	0.168	1,532	0.268	3,124	0.547	93	0.016
2010	Crack Cocaine	4,887	359	0.073	3,838	0.785	638	0.131	52	0.011
2010	Heroin	1,625	262	0.161	449	0.276	898	0.553	16	0.01
2010	Marijuana	6,328	1,552	0.245	484	0.076	4,078	0.644	214	0.034
2010	Methamphetamine	4,303	2,243	0.521	102	0.024	1,784	0.415	174	0.04
2010	Other	1,468	819	0.558	316	0.215	126	0.086	207	0.141
2010	Total	24,319	6,194	0.255	6,721	0.276	10,648	0.438	756	0.031
2011	Powder Cocaine	6,022	949	0.158	1,474	0.245	3,518	0.584	81	0.013
2011	Crack Cocaine	4,353	265	0.061	3,614	0.83	434	0.1	40	0.009
2011	Heroin	1,804	268	0.149	608	0.337	911	0.505	17	0.009
2011	Marijuana	6,942	1,567	0.226	555	0.08	4,614	0.665	206	0.03
2011	Methamphetamine	4,546	2,161	0.475	105	0.023	2,051	0.451	229	0.05
2011	Other	1,548	876	0.566	328	0.212	164	0.106	180	0.116
2011	Total	25,215	6,086	0.241	6,684	0.265	11,692	0.464	753	0.03
2012	Powder Cocaine	6,128	952	0.155	1,707	0.279	3,412	0.557	57	0.009
2012	Crack Cocaine	3,505	235	0.067	2,895	0.826	340	0.097	35	0.01
2012	Heroin	2,182	348	0.159	785	0.36	1,027	0.471	22	0.01
2012	Marijuana	6,974	1,560	0.224	631	0.09	4,561	0.654	222	0.032
2012	Methamphetamine	4,912	2,361	0.481	126	0.026	2,208	0.45	217	0.044
2012	Other	1,597	940	0.589	398	0.249	149	0.093	110	0.069
2012	Total	25,298	6,396	0.253	6,542	0.259	11,697	0.462	663	0.026
2013	Powder Cocaine	5,497	523	0.095	1,717	0.312	3,192	0.581	65	0.012
2013	Crack Cocaine	2,972	172	0.058	2,459	0.827	304	0.102	37	0.012
2013	Heroin	2,213	298	0.135	803	0.363	1,096	0.495	16	0.007
2013	Marijuana	4,922	1,037	0.211	518	0.105	3,119	0.634	248	0.05
2013	Methamphetamine	5,496	2,043	0.372	170	0.031	3,060	0.557	223	0.041
2013	Other	1,746	1,054	0.604	396	0.227	168	0.096	128	0.073
2013	Total	22,846	5,127	0.224	6,063	0.265	10,939	0.479	717	0.031
